INFO: 2022/09/23 15:32:12 default_transaction.go:17: c31f9477-7360-4668-a70a-b2e3dfbef262 Get transactions Scucessfully, []
INFO: 2022/09/23 15:36:37 default_transaction.go:17: c31f9477-7360-4668-a70a-b2e3dfbef262 Get transactions Scucessfully, [{47748015-4ced-4bbb-bdad-13f559b1cf26 5600.5 MXN } {6cf1c4c5-9573-4864-8c5d-3b747e0c7afc 11000 EGP } {7e1089df-88c4-4a14-895f-9200503b079c 15000 COP } {c28f5c28-f5c2-4000-8000-000000000027 50000 MXN } {c28f5c28-f5c2-4000-8000-000000000028 50000 MXN }]
INFO: 2022/09/23 15:49:12 default_transaction.go:17: c31f9477-7360-4668-a70a-b2e3dfbef262 Get transactions Scucessfully, [{47748015-4ced-4bbb-bdad-13f559b1cf26 5600.5 MXN 2022-08-22 00:25:56.4911323 +0200 EET m=+42.774354901} {6cf1c4c5-9573-4864-8c5d-3b747e0c7afc 11000 EGP 2022-08-22 00:22:57.9765234 +0200 EET m=+61.272352401} {7e1089df-88c4-4a14-895f-9200503b079c 15000 COP 2022-08-22 00:20:48.5548973 +0200 EET m=+56.325251901} {c28f5c28-f5c2-4000-8000-000000000027 50000 MXN 2016-01-25 10:10:10.556+00:00} {c28f5c28-f5c2-4000-8000-000000000028 50000 MXN 2016-01-25 10:10:10.556+00:00} {e2d10c6e-551c-4d68-8962-72bf06abf796 5600.5 MXN 2022-09-23 15:48:56.0677488 +0200 EET m=+34.216617601}]
